//时间：Thu Nov 28 15:26:16 HKT 2024
//用户：35
//设定的分数线：0.6

该用户的评分列表[0.0, 0.0, 0.0, 0.0, 0.0, 0.0, 0.0, 4.0, 0.0, 0.0, 0.0, 0.0, 0.0, 0.0, 0.0, 0.0, 0.0, 0.0, 0.0, 0.0, 0.0, 0.0, 0.0, 0.0]

其它人的评分列表[4.0, 4.0, 3.0, 4.0, 5.0, 0.0, 0.0, 5.0, 4.0, 0.0, 0.0, 0.0, 0.0, 0.0, 0.0, 0.0, 0.0, 0.0, 0.0, 0.0, 0.0, 0.0, 0.0, 0.0]
用户：21
分数：0.4129841248532447

其它人的评分列表[0.0, 4.0, 0.0, 0.0, 3.0, 5.0, 3.0, 5.0, 1.0, 0.0, 5.0, 0.0, 0.0, 0.0, 0.0, 0.0, 0.0, 0.0, 0.0, 0.0, 0.0, 0.0, 0.0, 0.0]
用户：22
分数：0.4422758174468828

其它人的评分列表[0.0, 5.0, 0.0, 0.0, 0.0, 0.0, 0.0, 4.0, 5.0, 0.0, 4.0, 3.0, 2.0, 1.0, 2.0, 3.0, 3.0, 0.0, 0.0, 0.0, 0.0, 0.0, 0.0, 0.0]
用户：23
分数：0.3138461770596291

其它人的评分列表[0.0, 5.0, 0.0, 0.0, 0.0, 0.0, 0.0, 4.0, 4.0, 0.0, 5.0, 0.0, 0.0, 0.0, 0.0, 0.0, 0.0, 0.0, 0.0, 0.0, 0.0, 0.0, 0.0, 0.0]
用户：24
分数：0.4011250443119081

其它人的评分列表[0.0, 3.0, 0.0, 5.0, 0.0, 5.0, 0.0, 0.0, 0.0, 0.0, 0.0, 0.0, 0.0, 0.0, 0.0, 0.0, 0.0, 0.0, 0.0, 0.0, 0.0, 0.0, 0.0, 0.0]
用户：26
分数：-0.07676198691990299

其它人的评分列表[0.0, 0.0, 0.0, 0.0, 0.0, 0.0, 0.0, 0.0, 0.0, 0.0, 0.0, 0.0, 0.0, 0.0, 0.0, 0.0, 0.0, 0.0, 0.0, 0.0, 0.0, 0.0, 0.0, 0.0]
用户：27
分数：NaN

其它人的评分列表[0.0, 0.0, 0.0, 0.0, 0.0, 0.0, 0.0, 0.0, 0.0, 0.0, 0.0, 0.0, 0.0, 0.0, 0.0, 0.0, 0.0, 0.0, 0.0, 0.0, 0.0, 0.0, 0.0, 0.0]
用户：28
分数：NaN

其它人的评分列表[0.0, 0.0, 0.0, 0.0, 0.0, 0.0, 0.0, 5.0, 5.0, 0.0, 5.0, 0.0, 5.0, 0.0, 0.0, 0.0, 0.0, 0.0, 0.0, 0.0, 0.0, 0.0, 0.0, 0.0]
用户：29
分数：0.46625240412015695

其它人的评分列表[0.0, 0.0, 4.0, 0.0, 4.0, 5.0, 4.0, 4.0, 4.0, 0.0, 4.0, 0.0, 0.0, 0.0, 0.0, 0.0, 0.0, 0.0, 0.0, 0.0, 0.0, 0.0, 0.0, 0.0]
用户：30
分数：0.30758225083596047

其它人的评分列表[0.0, 0.0, 0.0, 0.0, 0.0, 0.0, 0.0, 0.0, 0.0, 0.0, 0.0, 0.0, 0.0, 0.0, 0.0, 0.0, 0.0, 0.0, 0.0, 0.0, 0.0, 0.0, 0.0, 0.0]
用户：31
分数：NaN

其它人的评分列表[0.0, 0.0, 0.0, 0.0, 0.0, 0.0, 0.0, 0.0, 0.0, 0.0, 0.0, 0.0, 0.0, 0.0, 0.0, 0.0, 0.0, 0.0, 0.0, 0.0, 0.0, 0.0, 0.0, 0.0]
用户：32
分数：NaN

其它人的评分列表[0.0, 0.0, 0.0, 0.0, 0.0, 0.0, 0.0, 0.0, 0.0, 0.0, 0.0, 0.0, 0.0, 0.0, 0.0, 0.0, 0.0, 0.0, 0.0, 0.0, 0.0, 0.0, 0.0, 0.0]
用户：33
分数：NaN

其它人的评分列表[0.0, 0.0, 0.0, 0.0, 0.0, 0.0, 4.0, 4.0, 0.0, 0.0, 0.0, 4.0, 0.0, 0.0, 0.0, 0.0, 0.0, 0.0, 0.0, 0.0, 0.0, 0.0, 0.0, 0.0]
用户：34
分数：0.5516772843673706

其它人的评分列表[0.0, 0.0, 0.0, 4.0, 0.0, 0.0, 0.0, 0.0, 0.0, 0.0, 0.0, 0.0, 0.0, 4.0, 0.0, 0.0, 0.0, 0.0, 0.0, 0.0, 0.0, 0.0, 0.0, 0.0]
用户：36
分数：-0.06286946134619309

其它人的评分列表[0.0, 0.0, 0.0, 0.0, 0.0, 0.0, 0.0, 4.0, 0.0, 0.0, 0.0, 0.0, 0.0, 0.0, 0.0, 0.0, 0.0, 0.0, 0.0, 0.0, 0.0, 0.0, 0.0, 0.0]
用户：37
分数：1.0000000000000002
**用户：37被添加

其它人的评分列表[0.0, 0.0, 0.0, 0.0, 0.0, 0.0, 0.0, 0.0, 0.0, 0.0, 0.0, 0.0, 0.0, 0.0, 0.0, 0.0, 0.0, 0.0, 0.0, 0.0, 0.0, 0.0, 0.0, 0.0]
用户：38
分数：NaN



推荐用户的加权平均的评分[0.0, 0.0, 0.0, 0.0, 0.0, 0.0, 0.0, 2.0, 0.0, 0.0, 0.0, 0.0, 0.0, 0.0, 0.0, 0.0, 0.0, 0.0, 0.0, 0.0, 0.0, 0.0, 0.0, 0.0]



去重后的rating列表Rating(ratingId=74, bookId=17, userId=37, rating=4.0, book=null)


最后根据用户点击记录查询
总点击次数76
点击记录超过15.200000000000001(0.2)的点击记录22
分类号9

点击记录超过15.200000000000001(0.2)的点击记录35
分类号6

用户的喜欢书籍的分类号9
用户的喜欢书籍的分类号6
书籍评分低于9或分类号不同，未添加10
书籍评分低于9或分类号不同，未添加11
书籍评分低于9或分类号不同，未添加12
书籍评分低于9或分类号不同，未添加13
书籍评分低于9或分类号不同，未添加14
书籍评分低于9或分类号不同，未添加15
书籍评分低于9或分类号不同，未添加16
书籍评分低于9或分类号不同，未添加17
书籍评分低于9或分类号不同，未添加18
书籍评分低于9或分类号不同，未添加19
书籍评分低于9或分类号不同，未添加20
书籍评分低于9或分类号不同，未添加21
书籍评分低于9或分类号不同，未添加22
书籍评分低于9或分类号不同，未添加23
书籍评分低于9或分类号不同，未添加33
书籍评分低于9或分类号不同，未添加34
书籍评分低于9或分类号不同，未添加35
书籍评分低于9或分类号不同，未添加36
书籍评分低于9或分类号不同，未添加37
书籍评分低于9或分类号不同，未添加38
书籍评分低于9或分类号不同，未添加39
书籍评分低于9或分类号不同，未添加40
书籍评分低于9或分类号不同，未添加41
书籍评分低于9或分类号不同，未添加42
书籍评分低于9或分类号不同，未添加10
书籍评分低于9或分类号不同，未添加11
书籍评分低于9或分类号不同，未添加12
添加书籍13
书籍评分低于9或分类号不同，未添加14
书籍评分低于9或分类号不同，未添加15
书籍评分低于9或分类号不同，未添加16
书籍评分低于9或分类号不同，未添加17
书籍评分低于9或分类号不同，未添加18
书籍评分低于9或分类号不同，未添加19
书籍评分低于9或分类号不同，未添加20
书籍评分低于9或分类号不同，未添加21
书籍评分低于9或分类号不同，未添加22
书籍评分低于9或分类号不同，未添加23
书籍评分低于9或分类号不同，未添加33
书籍评分低于9或分类号不同，未添加34
书籍评分低于9或分类号不同，未添加35
书籍评分低于9或分类号不同，未添加36
书籍评分低于9或分类号不同，未添加37
书籍评分低于9或分类号不同，未添加38
书籍评分低于9或分类号不同，未添加39
书籍评分低于9或分类号不同，未添加40
书籍评分低于9或分类号不同，未添加41
书籍评分低于9或分类号不同，未添加42
