//时间：Mon Jun 03 01:22:20 HKT 2024
//用户：30
//设定的分数线：0.6

该用户的评分列表[0.0, 0.0, 4.0, 0.0, 4.0, 5.0, 4.0, 4.0, 4.0, 0.0, 4.0, 0.0, 0.0, 0.0, 0.0, 0.0, 0.0, 0.0, 0.0, 0.0, 0.0, 0.0, 0.0, 0.0]

其它人的评分列表[4.0, 4.0, 3.0, 4.0, 5.0, 0.0, 0.0, 5.0, 4.0, 0.0, 0.0, 0.0, 0.0, 0.0, 0.0, 0.0, 0.0, 0.0, 0.0, 0.0, 0.0, 0.0, 0.0, 0.0]
用户：21
分数：0.3790380009026485

其它人的评分列表[0.0, 4.0, 0.0, 0.0, 3.0, 5.0, 3.0, 5.0, 1.0, 0.0, 5.0, 0.0, 0.0, 0.0, 0.0, 0.0, 0.0, 0.0, 0.0, 0.0, 0.0, 0.0, 0.0, 0.0]
用户：22
分数：0.7342671151401687
**用户：22被添加

其它人的评分列表[0.0, 5.0, 0.0, 0.0, 0.0, 0.0, 0.0, 4.0, 5.0, 0.0, 4.0, 3.0, 2.0, 1.0, 2.0, 3.0, 3.0, 0.0, 0.0, 0.0, 0.0, 0.0, 0.0, 0.0]
用户：23
分数：0.1656918516264202

其它人的评分列表[0.0, 5.0, 0.0, 0.0, 0.0, 0.0, 0.0, 4.0, 4.0, 0.0, 5.0, 0.0, 0.0, 0.0, 0.0, 0.0, 0.0, 0.0, 0.0, 0.0, 0.0, 0.0, 0.0, 0.0]
用户：24
分数：0.394217682136892

其它人的评分列表[0.0, 3.0, 0.0, 5.0, 0.0, 5.0, 0.0, 0.0, 0.0, 0.0, 0.0, 0.0, 0.0, 0.0, 0.0, 0.0, 0.0, 0.0, 0.0, 0.0, 0.0, 0.0, 0.0, 0.0]
用户：26
分数：0.13903432165972043

其它人的评分列表[0.0, 0.0, 0.0, 0.0, 0.0, 0.0, 0.0, 0.0, 0.0, 0.0, 0.0, 0.0, 0.0, 0.0, 0.0, 0.0, 0.0, 0.0, 0.0, 0.0, 0.0, 0.0, 0.0, 0.0]
用户：27
分数：NaN

其它人的评分列表[0.0, 0.0, 0.0, 0.0, 0.0, 0.0, 0.0, 0.0, 0.0, 0.0, 0.0, 0.0, 0.0, 0.0, 0.0, 0.0, 0.0, 0.0, 0.0, 0.0, 0.0, 0.0, 0.0, 0.0]
用户：28
分数：NaN

其它人的评分列表[0.0, 0.0, 0.0, 0.0, 0.0, 0.0, 0.0, 5.0, 5.0, 0.0, 5.0, 0.0, 5.0, 0.0, 0.0, 0.0, 0.0, 0.0, 0.0, 0.0, 0.0, 0.0, 0.0, 0.0]
用户：29
分数：0.42338341287722125

其它人的评分列表[0.0, 0.0, 0.0, 0.0, 0.0, 0.0, 0.0, 0.0, 0.0, 0.0, 0.0, 0.0, 0.0, 0.0, 0.0, 0.0, 0.0, 0.0, 0.0, 0.0, 0.0, 0.0, 0.0, 0.0]
用户：31
分数：NaN

其它人的评分列表[0.0, 0.0, 0.0, 0.0, 0.0, 0.0, 0.0, 0.0, 0.0, 0.0, 0.0, 0.0, 0.0, 0.0, 0.0, 0.0, 0.0, 0.0, 0.0, 0.0, 0.0, 0.0, 0.0, 0.0]
用户：32
分数：NaN

其它人的评分列表[0.0, 0.0, 0.0, 0.0, 0.0, 0.0, 0.0, 0.0, 0.0, 0.0, 0.0, 0.0, 0.0, 0.0, 0.0, 0.0, 0.0, 0.0, 0.0, 0.0, 0.0, 0.0, 0.0, 0.0]
用户：33
分数：NaN

其它人的评分列表[0.0, 0.0, 0.0, 0.0, 0.0, 0.0, 4.0, 4.0, 0.0, 0.0, 0.0, 4.0, 0.0, 0.0, 0.0, 0.0, 0.0, 0.0, 0.0, 0.0, 0.0, 0.0, 0.0, 0.0]
用户：34
分数：0.2912523313282147

其它人的评分列表[0.0, 0.0, 0.0, 0.0, 0.0, 0.0, 0.0, 4.0, 0.0, 0.0, 0.0, 0.0, 0.0, 0.0, 0.0, 0.0, 0.0, 0.0, 0.0, 0.0, 0.0, 0.0, 0.0, 0.0]
用户：35
分数：0.30758225083596047

其它人的评分列表[0.0, 0.0, 0.0, 4.0, 0.0, 0.0, 0.0, 0.0, 0.0, 0.0, 0.0, 0.0, 0.0, 4.0, 0.0, 0.0, 0.0, 0.0, 0.0, 0.0, 0.0, 0.0, 0.0, 0.0]
用户：36
分数：-0.1925094447255854

其它人的评分列表[0.0, 0.0, 0.0, 0.0, 0.0, 0.0, 0.0, 4.0, 0.0, 0.0, 0.0, 0.0, 0.0, 0.0, 0.0, 0.0, 0.0, 0.0, 0.0, 0.0, 0.0, 0.0, 0.0, 0.0]
用户：37
分数：0.30758225083596047

其它人的评分列表[0.0, 0.0, 0.0, 0.0, 0.0, 0.0, 0.0, 0.0, 0.0, 0.0, 0.0, 0.0, 0.0, 0.0, 0.0, 0.0, 0.0, 0.0, 0.0, 0.0, 0.0, 0.0, 0.0, 0.0]
用户：38
分数：NaN



推荐用户的加权平均的评分[0.0, 0.0, 2.0, 0.0, 2.0, 2.5, 2.0, 2.0, 2.0, 0.0, 2.0, 0.0, 0.0, 0.0, 0.0, 0.0, 0.0, 0.0, 0.0, 0.0, 0.0, 0.0, 0.0, 0.0]



去重后的rating列表Rating(ratingId=4, bookId=11, userId=22, rating=4.0, book=null)

去重后的rating列表Rating(ratingId=55, bookId=14, userId=22, rating=3.0, book=null)

去重后的rating列表Rating(ratingId=56, bookId=15, userId=22, rating=5.0, book=null)

去重后的rating列表Rating(ratingId=57, bookId=16, userId=22, rating=3.0, book=null)

去重后的rating列表Rating(ratingId=5, bookId=17, userId=22, rating=5.0, book=null)

去重后的rating列表Rating(ratingId=6, bookId=18, userId=22, rating=1.0, book=null)

去重后的rating列表Rating(ratingId=15, bookId=20, userId=22, rating=5.0, book=null)


最后根据用户点击记录查询
总点击次数69
点击记录超过13.8(0.2)的点击记录23
分类号10

点击记录超过13.8(0.2)的点击记录17
分类号3

用户的喜欢书籍的分类号10
用户的喜欢书籍的分类号3
书籍评分低于9或分类号不同，未添加10
书籍评分低于9或分类号不同，未添加11
书籍评分低于9或分类号不同，未添加12
书籍评分低于9或分类号不同，未添加13
书籍评分低于9或分类号不同，未添加14
书籍评分低于9或分类号不同，未添加15
书籍评分低于9或分类号不同，未添加16
书籍评分低于9或分类号不同，未添加17
书籍评分低于9或分类号不同，未添加18
书籍评分低于9或分类号不同，未添加19
书籍评分低于9或分类号不同，未添加20
书籍评分低于9或分类号不同，未添加21
书籍评分低于9或分类号不同，未添加22
添加书籍23
书籍评分低于9或分类号不同，未添加33
书籍评分低于9或分类号不同，未添加34
书籍评分低于9或分类号不同，未添加35
书籍评分低于9或分类号不同，未添加36
书籍评分低于9或分类号不同，未添加37
书籍评分低于9或分类号不同，未添加38
书籍评分低于9或分类号不同，未添加39
书籍评分低于9或分类号不同，未添加40
书籍评分低于9或分类号不同，未添加41
书籍评分低于9或分类号不同，未添加42
书籍评分低于9或分类号不同，未添加10
书籍评分低于9或分类号不同，未添加11
书籍评分低于9或分类号不同，未添加12
书籍评分低于9或分类号不同，未添加13
书籍评分低于9或分类号不同，未添加14
书籍评分低于9或分类号不同，未添加15
书籍评分低于9或分类号不同，未添加16
添加书籍17
书籍评分低于9或分类号不同，未添加18
添加书籍19
添加书籍20
书籍评分低于9或分类号不同，未添加21
书籍评分低于9或分类号不同，未添加22
书籍评分低于9或分类号不同，未添加23
书籍评分低于9或分类号不同，未添加33
添加书籍34
书籍评分低于9或分类号不同，未添加35
书籍评分低于9或分类号不同，未添加36
书籍评分低于9或分类号不同，未添加37
书籍评分低于9或分类号不同，未添加38
书籍评分低于9或分类号不同，未添加39
书籍评分低于9或分类号不同，未添加40
书籍评分低于9或分类号不同，未添加41
书籍评分低于9或分类号不同，未添加42
